displaying MFG FRU
Fetching FRU via I2c Bus:0x01, Addr:0xA8
=================================================================
                    (Raw FRU Data)
=================================================================
000: 01 1E 00 01 0D 00 00 D3 01 0C 00 05 09 0E D1 43 
010: 69 73 63 6F 20 53 79 73 74 65 6D 73 20 49 6E 63 
020: D2 55 43 53 43 2D 43 32 34 30 2D 4D 33 53 32 00 
030: 00 00 00 CB 46 43 48 31 38 31 37 37 54 35 50 CB 
040: 37 34 2D 31 30 34 34 33 2D 30 33 C4 43 32 34 30 
050: C6 42 30 04 56 30 33 CE 30 30 30 30 30 30 30 30 
060: 30 30 00 00 00 00 C1 1E 02 11 00 D1 43 69 73 63 
070: 6F 20 53 79 73 74 65 6D 73 20 49 6E 63 D2 55 43 
080: 53 43 2D 43 32 34 30 2D 4D 33 53 32 00 00 00 00 
090: CB 37 34 2D 39 39 33 34 2D 30 33 00 C1 41 CB 46 
0A0: 43 48 31 38 31 39 56 31 52 4E F4 00 00 00 00 00 
0B0: 00 00 00 00 00 00 00 00 00 00 00 00 00 00 00 00 
0C0: 00 00 00 00 00 00 00 00 00 00 00 00 00 00 00 00 
0D0: 00 00 00 00 00 00 00 00 00 00 00 00 00 00 00 C8 
0E0: 32 34 30 2D 4D 33 53 32 C5 42 30 56 30 33 C1 08 
0F0: 01 03 00 05 00 01 00 0C 01 02 00 0A 02 06 50 87 
100: 89 B7 19 F2 03 00 00 B0 FF FF FF FF FF FF FF FF 
110: FF FF FF FF FF FF FF FF FF FF FF FF FF FF FF FF 
120: 00 00 00 00 00 00 00 00 00 00 00 00 00 00 00 00 
130: 00 00 00 00 00 00 00 00 00 00 00 00 00 00 00 00 
140: 00 00 00 00 00 00 00 00 00 00 00 00 00 00 00 00 
150: 00 00 00 00 00 00 00 00 00 00 00 00 00 00 00 00 
160: 00 00 00 00 00 00 00 00 00 00 00 00 00 00 00 00 
170: 00 00 00 00 00 00 00 00 00 00 00 00 00 00 00 00 
180: 00 00 00 00 00 00 00 00 00 00 00 00 00 00 00 00 
190: 00 00 00 00 00 00 00 00 00 00 00 00 00 00 00 00 
1A0: 00 00 00 00 00 00 00 00 00 00 00 00 00 00 00 00 
1B0: 00 00 00 00 00 00 00 00 00 00 00 00 00 00 00 00 
1C0: 00 00 00 00 00 00 00 00 00 00 00 00 00 00 00 00 
1D0: 00 00 00 00 00 00 00 00 00 00 00 00 00 00 00 00 
1E0: 00 00 00 00 00 00 00 00 00 00 00 00 00 00 00 00 
1F0: 00 00 00 00 00 00 00 00 00 00 00 00 00 00 00 00 
200: 00 00 00 00 00 00 00 00 00 00 00 00 00 00 00 00 
210: 00 00 00 00 00 00 00 00 00 00 00 00 00 00 00 00 
220: 00 00 00 00 00 00 00 00 00 00 00 00 00 00 00 00 
230: 00 00 00 00 00 00 00 00 00 00 00 00 00 00 00 00 
240: 00 00 00 00 00 00 00 00 00 00 00 00 00 00 00 00 
250: 00 00 00 00 00 00 00 00 00 00 00 00 00 00 00 00 
260: 00 00 00 00 00 00 00 00 00 00 00 00 00 00 00 00 
270: 00 00 00 00 00 00 00 00 00 00 00 00 00 00 00 00 
280: 00 00 00 00 00 00 00 00 00 00 00 00 00 00 00 00 
290: 00 00 00 00 00 00 00 00 00 00 00 00 00 00 00 00 
2A0: 00 00 00 00 00 00 00 00 00 00 00 00 00 00 00 00 
2B0: 00 00 00 00 00 00 00 00 00 00 00 00 00 00 00 00 
2C0: 00 00 00 00 00 00 00 00 00 00 00 00 00 00 00 00 
2D0: 00 00 00 00 00 00 00 00 00 00 00 00 00 00 00 00 
2E0: 00 00 00 00 00 00 00 00 00 00 00 00 00 00 00 00 
2F0: 00 00 00 00 00 00 00 00 00 00 00 00 00 00 00 00 
300: 00 00 00 00 00 00 00 00 00 00 00 00 00 00 00 00 
310: 00 00 00 00 00 00 00 00 00 00 00 00 00 00 00 00 
320: 00 00 00 00 00 00 00 00 00 00 00 00 00 00 00 00 
330: 00 00 00 00 00 00 00 00 00 00 00 00 00 00 00 00 
340: 00 00 00 00 00 00 00 00 00 00 00 00 00 00 00 00 
350: 00 00 00 00 00 00 00 00 00 00 00 00 00 00 00 00 
360: 00 00 00 00 00 00 00 00 00 00 00 00 00 00 00 00 
370: 00 00 00 00 00 00 00 00 00 00 00 00 00 00 00 00 
380: 00 00 00 00 00 00 00 00 00 00 00 00 00 00 00 00 
390: 00 00 00 00 00 00 00 00 00 00 00 00 00 00 00 00 
3A0: 00 00 00 00 00 00 00 00 00 00 00 00 00 00 00 00 
3B0: 00 00 00 00 00 00 00 00 00 00 00 00 00 00 00 00 
3C0: 00 00 00 00 00 00 00 00 00 00 00 00 00 00 00 00 
3D0: 00 00 00 00 00 00 00 00 00 00 00 00 00 00 00 00 
3E0: 00 00 00 00 00 00 00 00 00 00 00 00 00 00 00 00 
3F0: 00 00 00 00 00 00 00 00 00 00 00 00 00 00 00 00 
=================================================================


========================[ Common Header ]========================
Version                           : 01h
Internal Use Offset               : 1Eh
Chassis Info Offset               : 00h
Board Area Offset                 : 01h
Product Area Offset               : 0Dh
Multi Record Offset               : 00h
Reserved                          : 00h
Checksum                          : D3h
Warning: Checksum Failed For: Internal Use Area (0x48-bytes)!
Retrying with Nuova/Cisco Internal Use Area Definition...


====================[  Internal Use Area  ]======================
IA_Version                        : 01
IA_Length                         : 0018
IA_Card_Type                      : 0005
IA_SubSystem_Record_Type          : 0001
IA_SubSystem_Record_Length        : 000C
CIMC MAC                          : 50:87:89:B7:19:F2
IA_SubSystem_Record_Type          : 0300
IA_SubSystem_Record_Length        : 00B0
Unknown IA_SubSystem_Record_Type:[0300]


========================[  Board Area  ]=========================
Language Code                     : English
MFG Date / Time                   : 05  09  0E
Board MFG Type / Len              : [Cisco Systems Inc]
Board Product Name                : [UCSC-C240-M3S2]
Board Serial Number               : [FCH18177T5P]
Board Part Number                 : [74-10443-03]
Board FRU File ID                 : [C240]
BOM/Hw/PID                        : [42 30 04 56 30 33 ]
CLEI Code                         : [0000000000]



========================[  Product Area  ]=========================
Language Code                     : English
Manufacturer Name                  : [Cisco Systems Inc]
Product Name                      : [UCSC-C240-M3S2]
Product Part/Model Number         : [74-9934-03]
Product Version                   : [A]
Product Serial Number             : [FCH1819V1RN]
Asset Tag                         : []
FRU File ID                       : [240-M3S2]
Custom Product Info Area          : [B0V03]

